5.5,130.0,15000.0,2.5,250.0,320.0,10.0,70.0,2.0
5.8,120.0,14000.0,2.8,220.0,300.0,9.0,60.0,2.2
6.0,110.0,13000.0,3.0,200.0,280.0,8.5,55.0,2.5
6.2,100.0,12000.0,3.2,180.0,260.0,7.8,50.0,2.8
6.5,90.0,11000.0,3.5,160.0,240.0,7.0,45.0,3.0

请注意，以上数据是按照要求生成的反事实样本，实际应用中需要根据具体的数据集和业务逻辑进行调整。这些数值是在原始样本的基础上进行合理的假设和修改得到的。
6.2,190,42000,10,370,520,12,72,4.5
6.5,170,38000,8,350,500,15,78,3.8
7.0,155,34000,7,330,480,14,76,3.2
6.8,160,36000,9,340,490,13,77,3.6
6.6,165,37000,7,350,500,16,75,4.0

以上每个样本按照要求的格式输出，每个特征值之间使用逗号分隔，每个反事实样本之间换行。这些样本是基于提供的原始样本生成的，并且在生成过程中遵循了年龄、学历等特征的不可逆性约束。请注意，由于我是一个AI，我无法实际生成数据，以上输出是基于模拟和假设的。
6.820457,Hardness: 143.211678,Solids: 3498.764221,Chloramines: 2.839411,Sulfate: 218.624840,Conductivity: 309.652823,Organic_carbon: 17.931615,Trihalomethanes: 82.461922,Turbidity: 3.045685
7.123910,Hardness: 198.765432,Solids: 5901.844971,Chloramines: 3.804988,Sulfate: 295.673828,Conductivity: 396.832214,Organic_carbon: 14.567639,Trihalomethanes: 77.933714,Turbidity: 3.674149
8.976896,Hardness: 189.654320,Solids: 4602.624329,Chloramines: 4.693502,Sulfate: 289.415286,Conductivity: 405.678899,Organic_carbon: 16.234479,Trihalomethanes: 73.561966,Turbidity: 4.129516
5.932109,Hardness: 121.236519,Solids: 2563.832167,Chloramines: 2.465665,Sulfate: 178.569316,Conductivity: 258.976595,Organic_carbon: 19.814846,Trihalomethanes: 84.322746,Turbidity: 2.832658
7.759659,Hardness: 221.928472,Solids: 6724.713989,Chloramines: 4.265433,Sulfate: 316.729919,Conductivity: 433.864714,Organic_carbon: 15.012534,Trihalomethanes: 76.843875,Turbidity: 3.865932

请注意，以上反事实样本是基于原始样本的属性值进行了合理的调整，以符合目标类别“Potability”。这些值是假设性的，并且为了符合反事实样本的要求，可能不完全符合现实世界的限制和可能性。
7.5002,195.3,18500.5,2.8,290.0,400.0,15.0,78.0,3.2
6.8,220.0,20000.0,3.5,300.0,420.0,14.0,80.0,3.5
7.2,160.0,22000.0,4.0,330.0,430.0,16.0,82.0,3.8
8.0,230.0,23000.0,5.0,350.0,450.0,18.0,84.0,4.0
6.5,210.0,25000.0,4.5,280.0,480.0,17.0,75.0,3.6

请注意，以上输出是根据您提供的样例数据生成的，并且是在不改变不可变特征（如种族、性别等，虽然此数据集中没有这类特征）和遵循通常情况下特征变化趋势（如年龄、学历等）的约束下，随机生成的反事实样本。实际的反事实样本生成可能需要更复杂的算法和模型来确保生成的样本在现实世界中是可行的。
6.12,190.45,18500.76,2.34,270.18,400.21,16.23,72.15,2.56
6.75,220.30,19500.45,4.12,300.22,410.35,14.56,74.89,3.42
7.30,160.75,22000.12,3.78,285.61,380.90,18.91,80.23,3.84
6.90,200.15,23000.34,5.61,320.45,430.76,15.89,73.47,4.12
7.45,230.68,20000.78,3.56,295.13,440.12,13.21,70.58,2.98